[0;37;5;47;107m::::::::::::::::::::::::::::::::::::::::::::::::::::::::::::::::[0m
[0;37;5;47;107m::;::;::;::;::;::;::;::;::;::;:;;;;:::::;::;::;::;::;::;::;::;::[0m
[0;37;5;47;107m::::::::::::::::::::::::::::t[0;1;37;97;47mS [0;37;5;41;101m88[0;1;31;91;47m88X[0;1;37;97;47m [0;1;31;91;47mS[0;1;37;97;47m [0;37;5;47;107m8;;tS;:::::::::::::::::::[0m
[0;37;5;47;107m:::;::;::;::;::;::;::;::;:::[0;1;37;97;47mt[0;31;5;41;101m [0;37;5;41;101m88[0;35;5;41;101m [0;1;31;91;47m88[0;35;5;41;101m. [0;37;5;41;101m8[0;31;5;41;101m [0;1;31;91;47m8[0;1;37;97;47m [0;1;31;91;47m@[0;37;5;41;101m8[0;35;5;41;101m.[0;1;37;97;47mS[0;37;5;47;107m.::::::;::;::;::;::[0m
[0;37;5;47;107m::::::::::::::::::::::::::;X[0;1;37;97;47m [0;37;5;41;101m8[0;35;5;41;101m [0;1;31;91;47mX88[0;1;30;90;47m8[0;1;37;97;47m [0;37;5;41;101m8[0;35;5;41;101m [0;37;5;41;101m8[0;31;5;41;101m   [0;35;5;41;101mt[0;33;5;41;101mt[0;35;5;41;101m;[0;1;30;90;47m8[0;37;5;41;101m8[0;33;5;41;101m:[0;1;30;90;47m8[0;1;31;91;47m@[0;1;37;97;47m [0;37;5;47;107m88St::::::::;[0m
[0;37;5;47;107m::;::;::;::;::;::;:;S8t;;8[0;1;31;91;47mX[0;35;5;41;101m [0;37;5;41;101m888[0;35;5;41;101m.[0;1;30;90;47m8[0;1;37;97;47m [0;37;5;47;107m8[0;1;35;95;47m%[0;1;33;93;47mS[0;1;31;91;47m8[0;35;47mX[0;1;31;91;47m@8[0;1;30;90;47m8[0;1;31;91;47m8[0;35;5;41;101m%[0;33;5;41;101mt[0;31;5;41;101m [0;35;5;41;101mt[0;33;5;41;101mt[0;31;5;41;101m ..;t[0;35;5;41;101mS[0;37;5;47;107m8::::;::::[0m
[0;37;5;47;107m::::::::::::::::::8[0;1;30;90;47m8[0;37;5;41;101m8[0;35;5;41;101m [0;1;37;97;47m [0;1;31;91;47mX@8[0;35;5;41;101m [0;1;31;91;47mX[0;31;5;41;101m [0;1;31;91;47m@[0;37;5;41;101m8[0;1;30;90;47m8[0;31;5;41;101m [0;1;37;97;47m [0;37;5;47;107m8[0;33;5;41;101m [0;35;5;41;101m [0;37;5;41;101m8[0;1;31;91;47m@[0;1;30;90;47m8[0;37;5;41;101m8[0;1;37;97;47m [0;1;30;90;47m8[0;33;5;41;101m [0;1;30;90;47m8[0;33;5;41;101m%[0;1;30;90;45m8[0;31;5;41;101m [0;33;5;41;101m@[0;35;5;41;101m@[0;31;5;41;101m@[0;33;5;41;101m8[0;1;30;90;45m8[0;1;37;97;47m%[0;37;5;47;107m;:;::::;::[0m
[0;37;5;47;107m::;::;:;::;:;::;t[0;1;37;97;47m [0;35;5;41;101m [0;37;5;41;101m88[0;1;31;91;47m8[0;35;5;41;101m [0;37;5;41;101m8[0;35;5;41;101m [0;1;31;91;47m@[0;37;5;41;101m8[0;35;5;41;101m [0;1;31;91;47m8[0;31;5;41;101m.:[0;37;5;41;101m8[0;1;31;91;47m@[0;31;5;41;101m [0;1;37;97;47m [0;1;31;91;47m%[0;35;5;41;101m [0;31;5;41;101m:[0;1;31;91;47m8S[0;37;5;41;101m88[0;1;31;91;47m@[0;31;5;41;101m [0;35;5;41;101m%[0;33;5;41;101m%;[0;35;5;41;101m@[0;33;5;41;101m@[0;35;5;41;101m8[0;1;30;90;47m8[0;1;37;97;47m [0;37;5;47;107mS;::::;:::::[0m
[0;37;5;47;107m:::::::::::::::;[0;1;30;90;47m8[0;35;5;41;101m [0;1;31;91;47mX[0;37;5;41;101m888[0;1;31;91;47m@@8[0;37;5;41;101m8[0;1;30;90;47mX[0;1;31;91;47m@[0;31;5;41;101m:[0;35;5;41;101mS[0;33;5;41;101m%[0;35;5;41;101m:[0;1;31;91;47m8[0;35;5;41;101m.[0;33;5;41;101m [0;1;30;90;47m@[0;37;5;41;101m8[0;31;5;41;101m.:[0;35;5;41;101m:[0;31;5;41;101m;:t[0;1;30;90;43m8[0;35;5;41;101m.[0;1;30;90;47m8[0;1;31;91;47m@[0;1;37;97;47m t[0;37;5;47;107m@888X::::::::;:[0m
[0;37;5;47;107m::;::;::;:::;:::8[0;37;5;41;101m88[0;35;5;41;101m [0;35;47m@[0;37;5;41;101m8[0;1;30;90;47m8[0;1;37;97;47m  [0;35;5;41;101m [0;37;5;41;101m8[0;35;47m@[0;33;5;41;101m;[0;37;5;41;101m8[0;35;5;41;101m%[0;33;5;41;101m%[0;35;5;41;101mt[0;33;47m8[0;31;5;41;101m [0;35;5;41;101m [0;37;5;41;101m8[0;31;5;41;101m%[0;35;5;41;101mX[0;33;5;41;101mX[0;1;31;91;45m8[0;1;30;90;43m8[0;1;31;91;47m8[0;1;37;97;47mt[0;37;5;47;107mtt8[0;1;37;97;47m [0;37;5;41;101m8[0;33;5;41;101m [0;37;5;41;101m8[0;31;5;41;101m [0;37;5;41;101m8[0;37;5;47;107m:::;::;::::[0m
[0;37;5;47;107m::::::::::;:::S[0;1;31;91;47mS@[0;37;5;41;101m8888[0;1;31;91;47mX[0;37;5;41;101m88[0;1;37;97;47m [0;1;31;91;47m8[0;31;5;41;101m:[0;33;5;41;101mt[0;1;30;90;47m8[0;31;5;41;101m.[0;33;5;41;101mS[0;35;5;41;101mS[0;33;5;41;101mt[0;31;5;41;101m.[0;35;5;41;101mSS[0;33;5;41;101mX[0;1;30;90;47mS[0;1;37;97;47m.[0;37;5;47;107m88@%8[0;1;35;95;47mS[0;37;5;41;101m8[0;33;5;41;101m [0;37;5;41;101m888[0;33;5;41;101m [0;37;5;41;101m8[0;37;5;47;107m8S::::::;:::[0m
[0;37;5;47;107m:::;::;:::::::[0;1;37;97;47m [0;31;5;41;101m [0;37;5;41;101m8[0;35;5;41;101m [0;37;5;41;101m8[0;35;5;41;101m [0;1;31;91;47m@8[0;37;5;41;101m8[0;31;5;41;101m  [0;35;47m8[0;33;47m8[0;35;5;41;101m [0;35;47m8[0;31;5;41;101m.[0;35;5;41;101mS[0;33;5;41;101mS[0;35;5;41;101mS[0;33;5;41;101mX[0;35;5;41;101mX[0;1;30;90;47mX[0;37;5;47;107m8:;t;;8[0;31;5;41;101m [0;33;5;41;101m [0;37;5;41;101m888[0;35;5;41;101m [0;37;5;41;101m88[0;31;5;41;101m [0;37;5;47;107m8%:;::;::::;[0m
[0;37;5;47;107m::;:::::;::;:.8[0;35;5;41;101m [0;1;31;91;47m@[0;35;5;41;101m [0;1;31;91;47m8[0;35;5;41;101m.[0;1;31;91;47mX[0;37;5;41;101m8888[0;31;5;41;101m [0;35;5;41;101m;[0;33;5;41;101mt[0;1;30;90;47m8[0;37;5;41;101m8[0;33;5;41;101mt[0;35;5;41;101mS[0;33;5;41;101mX[0;1;30;90;45m8[0;1;33;93;47m@[0;37;5;47;107m8:;:;:t8[0;1;37;97;47m.[0;1;31;91;47mX[0;33;5;41;101m [0;37;5;41;101m88[0;35;5;41;101m.[0;33;5;41;101m;[0;35;5;41;101mt[0;33;5;41;101m;[0;37;5;47;107m8t:::::::;::[0m
[0;37;5;47;107m:::::;:::::::S[0;1;37;97;47m [0;31;5;41;101m [0;37;5;41;101m8[0;35;5;41;101m;[0;1;30;90;47m8[0;37;5;41;101m8[0;35;5;41;101m.[0;1;30;90;47m8[0;37;5;41;101m8[0;31;5;41;101m [0;33;5;41;101mS[0;1;30;90;47m8[0;1;31;91;47m8[0;31;5;41;101m:[0;33;5;41;101m:[0;37;5;41;101m8[0;33;5;40;100m [0;1;31;91;47mX[0;1;37;97;47m [0;37;5;47;107m8@:::;%[0;1;37;97;47m [0;37;5;41;101m8[0;37;5;47;107m8[0;1;37;97;47m [0;37;5;41;101m8[0;1;30;90;47m8[0;37;5;41;101m88[0;35;5;41;101m%[0;33;47m8[0;35;5;41;101mt[0;1;30;90;47m8[0;37;5;47;107m8t::;::;::::[0m
[0;37;5;47;107m:::;::::;:::t[0;1;31;91;47m8[0;31;5;41;101m [0;37;5;41;101m8[0;35;5;41;101m;[0;33;47m8[0;31;5;41;101m [0;35;47m8[0;37;5;41;101m88[0;35;5;41;101m.[0;35;47m8[0;31;5;41;101m [0;35;5;41;101m%[0;1;37;97;47m.[0;37;5;47;107m8%%;;t%::8[0;1;37;97;47m  [0;1;31;91;47mX[0;37;5;41;101m88[0;1;35;95;5;41;101m%[0;1;33;93;5;41;101m8[0;37;5;41;101m8[0;35;5;41;101m [0;35;47m@[0;33;5;41;101m;[0;1;30;90;47m8[0;1;31;91;47m@[0;37;5;41;101m8[0;1;31;91;47m@[0;37;5;47;107m%:::::::::::[0m
[0;37;5;47;107m::::::;:::;::[0;1;37;97;47m;[0;35;5;41;101m [0;37;5;41;101m8[0;31;5;41;101m:[0;35;5;41;101mt[0;33;47m8[0;37;5;41;101m8[0;31;5;41;101m.[0;33;5;41;101mt[0;35;5;41;101mt[0;31;5;41;101m;[0;1;31;91;43m8[0;37;5;47;107m8t;:::::::X[0;37;5;41;101m8[0;31;5;41;101m [0;1;35;95;5;41;101mS[0;1;33;93;5;41;101m@[0;37;5;41;101m888[0;1;35;95;5;41;101m@[0;37;5;41;101m8[0;33;5;41;101m .%[0;35;5;41;101m:[0;1;37;97;47m [0;37;5;47;107m%t:;::;:::;:::[0m
[0;37;5;47;107m::;:::::::::888[0;31;5;41;101m:[0;1;30;90;47m8[0;31;5;41;101m  [0;35;5;41;101m%[0;33;5;41;101mX[0;35;5;41;101mS[0;33;5;41;101mX[0;35;5;41;101mX[0;1;37;97;47m [0;37;5;47;107mt:::;88[0;1;37;97;47m [0;1;35;95;47mS[0;37;5;47;107m8;8[0;31;5;41;101m [0;37;5;41;101m8[0;35;5;41;101m  [0;37;5;41;101m8[0;31;5;41;101m [0;33;5;41;101m:[0;37;5;41;101m8[0;33;5;41;101mt[0;35;5;41;101mS[0;37;5;41;101m8[0;31;5;41;101mt.[0;1;31;91;47mS[0;37;5;47;107m;::::::;:::;:[0m
[0;37;5;47;107m::::;::;::::8[0;1;37;97;47m [0;31;5;41;101m [0;35;5;41;101m;[0;31;5;41;101m.[0;35;5;41;101m@[0;33;5;41;101m@[0;35;5;41;101mX[0;33;5;41;101mX[0;1;31;91;45m8[0;33;47m8[0;1;37;97;47m%[0;37;5;47;107m::X[0;1;37;97;47m:.[0;37;5;47;107m8[0;37;5;41;101m8[0;31;5;41;101m  [0;33;5;41;101m [0;1;33;93;5;41;101mX[0;37;5;47;107m88[0;37;5;41;101m8[0;31;5;41;101m [0;35;47m8[0;31;5;41;101m.[0;35;5;41;101mt[0;1;31;91;47m8[0;31;5;41;101mt[0;33;5;41;101mX[0;35;47m8[0;31;5;41;101m;[0;33;5;41;101mX[0;35;5;41;101mX[0;33;5;41;101mX[0;1;37;97;47mt[0;37;5;47;107m:;::;::::::::[0m
[0;37;5;47;107m::;::::::;:8[0;1;37;97;47m [0;37;5;47;107m8[0;1;37;97;47m [0;1;31;91;47m8[0;33;5;41;101mS[0;35;5;41;101mX[0;33;5;41;101mX[0;35;5;41;101mX[0;33;5;41;101m@[0;1;30;90;47m8[0;37;5;47;107m8t88@[0;37;5;41;101m8[0;31;5;41;101m [0;1;37;97;47m [0;37;5;47;107m8[0;31;5;41;101m [0;1;31;91;47m8[0;37;5;41;101m8[0;31;5;41;101m [0;35;5;41;101m [0;1;37;97;47m.[0;37;5;41;101m8[0;31;5;41;101m:[0;33;5;41;101m%X[0;35;5;41;101mS[0;33;5;41;101mS[0;35;5;41;101mS[0;33;5;41;101mt[0;33;47m8[0;35;47m8[0;33;47mX[0;1;37;97;47m;[0;37;5;47;107mt:::::::;::;:::[0m
[0;37;5;47;107m:::::;:::::8[0;31;5;41;101m  .[0;35;5;41;101mX[0;33;5;41;101m@[0;35;5;41;101mX[0;33;5;41;101m@[0;35;47m8[0;1;33;93;47mS[0;37;5;47;107m88[0;1;35;95;5;41;101m@[0;33;5;41;101m [0;37;5;41;101m8[0;1;37;97;47m [0;37;5;47;107m8[0;31;5;41;101m [0;35;5;41;101m [0;1;37;97;47m [0;37;5;47;107m8[0;31;5;41;101m [0;37;5;41;101m8[0;1;31;91;47m8[0;31;5;41;101m..[0;1;30;90;47m8[0;35;5;41;101m;X[0;33;5;41;101mS[0;35;5;41;101mS[0;33;5;41;101mS[0;35;47m8[0;31;5;41;101m .[0;1;31;91;47mX[0;37;5;47;107mt;::;:;::::::::;:[0m
[0;37;5;47;107m:::;:::;::%8[0;31;5;41;101m S[0;33;5;41;101m@[0;35;5;41;101m@[0;1;30;90;43m8[0;1;35;95;47m%[0;1;37;97;47m;[0;37;5;47;107m8[0;1;35;95;47m%[0;37;5;41;101m8[0;31;5;41;101m [0;37;5;41;101m88[0;33;5;41;101m  [0;35;5;41;101m [0;1;30;90;47m8[0;31;5;41;101m  [0;1;37;97;47m  [0;31;5;41;101m t[0;35;5;41;101mX[0;31;5;41;101mt;[0;1;30;90;47m8[0;33;5;41;101mt[0;35;5;41;101mS[0;33;5;41;101mX[0;35;5;41;101mt[0;33;5;41;101m%[0;1;30;90;45m8[0;33;5;41;101m.[0;1;37;97;47m%[0;37;5;47;107mt:::::::;::;:::::[0m
[0;37;5;47;107m:::::::::;[0;1;30;90;47m8[0;31;5;41;101m [0;33;5;41;101mX[0;1;31;91;45m8[0;1;31;91;43m8[0;35;47mS[0;37;5;47;107m8t8[0;31;5;41;101m [0;1;31;91;47mX[0;37;5;41;101m8[0;1;31;91;47m8[0;33;5;41;101m :[0;33;47m8[0;35;5;41;101m :[0;37;5;41;101m8[0;35;47m@[0;31;5;41;101m  [0;33;5;41;101m:[0;37;5;41;101m8[0;31;5;41;101mS[0;33;5;41;101m@[0;35;5;41;101m@[0;33;5;41;101mS[0;31;5;41;101m%[0;35;5;41;101mX[0;1;31;91;43m8[0;35;5;41;101m%@[0;33;5;41;101mS[0;37;5;47;107m8 .;::;::;::::::;:::[0m
[0;37;5;47;107m::;::;:::8[0;33;5;41;101m [0;1;30;90;47mX[0;1;37;97;47m [0;37;5;47;107m8XSt[0;1;37;97;47m [0;37;5;41;101m8[0;1;37;97;47m [0;1;31;91;47mX@[0;33;5;41;101m [0;1;31;91;47m8[0;31;5;41;101m:[0;35;5;41;101m%[0;1;30;90;47m8[0;31;5;41;101m ::[0;33;5;41;101m%[0;35;5;41;101mS[0;33;5;41;101mX[0;35;5;41;101m@[0;33;5;41;101m@[0;35;5;41;101m@[0;33;5;41;101m@[0;35;5;41;101m@[0;1;31;91;43m8[0;1;31;91;45m8[0;33;5;41;101mS[0;1;30;90;45m8[0;33;5;41;101m;[0;1;30;90;47m%[0;37;5;47;107m8.::;:::::::;:::::::[0m
[0;37;5;47;107m:::::::;;: .tt::t8[0;37;5;41;101m8[0;1;33;93;47mS[0;35;5;41;101m [0;1;37;97;47m [0;33;5;41;101m:%[0;35;5;41;101mS[0;33;5;41;101mt[0;1;31;91;47m8[0;1;37;97;47m [0;1;31;91;47m@[0;31;5;41;101m;[0;33;5;41;101mS[0;35;5;41;101mS[0;33;5;41;101mS[0;35;5;41;101mX[0;33;5;41;101m8[0;1;30;90;47m8[0;35;5;41;101m%[0;1;30;90;47m8[0;35;5;41;101mt[0;37;5;47;107mX[0;1;37;97;47m@[0;37;5;47;107m8;:;::;:::;::;::::;::;:[0m
[0;37;5;47;107m::;::;::::.:::::%t  %[0;1;37;97;47m. [0;35;5;41;101mt[0;1;30;90;47m8[0;31;5;41;101m:t[0;1;31;91;47m@[0;37;5;47;107mS[0;1;37;97;47m [0;35;5;41;101m:[0;33;5;41;101mX[0;1;31;91;45m8[0;33;5;41;101mX[0;35;5;41;101m@[0;1;30;90;47m8[0;37;5;47;107m:: .:;:::::::;:::::::;::::::[0m
[0;37;5;47;107m:::::::::::;:::;:::::;; ;ttS;.X[0;1;37;97;47m;t[0;37;5;47;107m888t:.::::::;::;:::;::::::::;::[0m
[0;37;5;47;107m::;::;:::::::;:::;:::::;::::::;:;S%;:::;::;:::::::::::;:::;:::::[0m
